---
startPose:
  x: -63.0
  y: 35.0
  heading: 1.5707963267948966
startTangent: 0.0
waypoints:
- position:
    x: -45.0
    y: 35.0
  heading: 1.5707963267948966
  tangent: 0.0
  interpolationType: "SPLINE"
resolution: 0.25
version: 1
